"PC1" "PC2"
-0.489626793339659 1.09984340108953
-3.17463255487966 -2.13026297124587
-0.11137168480899 0.285333396768097
0.928605434848077 0.243543026313617
-2.76875659663771 -0.121100463577455
-1.421474139031 -2.19789819672523
-0.3576271273452 0.51847784294332
-1.37612214034972 -0.787168193182793
-2.15020716451371 -5.0953321456433
-1.79131274966129 -1.30285525141072
-2.44053901900231 -1.91920699162559
-3.62872333006264 -1.22697726233467
1.08169187640389 0.713110955421071
-0.0939536159130499 1.19901946964293
0.329363315629713 -0.534538429118949
0.153943386247316 0.788249044161891
0.776429023882406 -0.857502449675364
-0.0773099473974431 1.78640872879598
3.72973809820617 1.77801777072575
-0.92874411859631 2.60649123150734
-1.32598049026554 -0.956598965721979
0.747097485421608 0.00638565745410524
-0.167403116176746 2.1333801354611
-0.58871095677419 -0.757617672643601
1.07692179752148 1.63146002088248
-1.57467596333354 -1.26968440183279
-2.61348174211854 -1.28393852227626
-0.436744023015703 0.443606522266046
0.526413998099182 2.11397584508457
-1.18332601036434 -1.24219891822468
-0.843343742234534 1.35171078467513
1.42137217344768 -0.122324498334718
-1.0162154677027 -0.138881413518075
-0.0990051679578267 0.0280664932962405
2.80007488535725 -2.5631647520461
0.342868360465791 0.116370588018674
-1.43174467508719 -0.244662077540821
-1.32126325765123 -0.680288812280274
-1.33603373053821 -0.158097938668208
-0.457058511371457 0.0798590464533036
1.01071055092549 -0.611898292082065
2.48334920496473 -4.27644029556873
-1.08456686516306 2.11402587373435
-0.719039564971295 -0.906772399860631
4.144949533812 -1.02950003091046
-0.0536024965762718 2.4012179957864
-0.225431596202515 0.820491590952462
-0.534110722632506 -1.08387062070147
0.259970078564637 -0.711072978649486
0.35402751087193 -0.259667919921936
2.22766735113123 -0.443199059318234
4.17398287912896 -3.5586074776961
1.90904078372777 0.935337571547447
-1.04396596753674 -0.36225783264821
-0.612909315088826 -1.26476791097442
-2.46982799282642 0.613310073180047
-0.908665941361564 0.290021089195031
1.12560744798074 -0.455102355725166
-0.521818357571449 -1.16341277735554
-1.21627196932071 -2.2256683481317
1.41037377812696 -0.911776100216482
3.46406489553012 -1.67077166227753
-1.93028933278076 -0.835190616591175
-1.87183208696072 0.18589485475925
-0.290978666630668 -0.634364527784762
-0.980089640674972 2.16057166465445
-0.861978407796095 2.57048762639808
-1.9735556964432 1.15423709276384
2.23144400905 -3.25820770539983
1.96700475954268 2.1026518694719
2.20704805248797 1.96781304051065
2.6077542656622 -1.14814412643866
3.11303970635488 0.510268331318837
4.60361419964048 -0.212001960682916
1.12889527689006 -0.404068520058581
2.15579881019447 -0.360804618304619
0.868453595504302 -0.275735699558092
0.69117605315197 0.878934258740089
2.02690923519146 0.424080350274786
0.580849092989976 0.500296026382063
2.14102636388568 2.15818053169118
5.10111367055023 -1.4866348901764
1.40714215564535 0.732137550072903
2.43210686144726 -0.250569908292298
2.74960189875946 -1.45674401563352
2.61133560078968 -1.43538098872405
1.86794726017364 -1.81354044722431
2.57793356812801 0.0505803982794897
0.703284602018796 0.595074057077288
-1.3741071621353 0.768234542926001
-0.100956646598824 0.893668840586193
-1.16262115774699 -0.681662018436567
1.13412052171687 -1.40507494519809
2.5544283849365 -3.1799075006862
-1.15073523089553 -0.465017912138685
-0.45697888792811 -1.0192250230499
0.0123662510153484 -0.0187621424330732
-0.603040130552776 1.86663172182076
-1.31075387527887 1.38041899623046
1.82827849347818 1.28419246803985
-2.27057244466591 -0.695519991088665
-0.597520280436433 0.220362006757496
1.61527603856821 2.93776450171499
-0.144707606866292 0.852366678610228
-1.16902490495812 2.92489942800755
-0.830910208646299 1.97983323017653
-1.21629102282542 0.933661059186375
-0.385727326950672 1.76683940113219
-0.493971729646075 1.71179672488088
0.15383366660067 3.725120878424
2.07255867069613 -0.0775388660094881
0.971917809858353 2.42920877490256
-1.14596299269245 1.43313397998391
-1.5567769497965 1.16176734500959
-0.538468195238207 3.03597535770079
1.95045105190988 1.06873647449946
-0.633904407473483 2.9251577524508
-0.249261985868205 2.13179643823973
0.374007512276752 3.51487637019769
1.7111435551801 -1.08730438434768
-0.422678481473811 0.190263154910003
-0.0698979437290829 2.41738895726617
-0.754156123584909 0.21106366819816
-0.324076794447295 1.67027737075437
1.16493771318131 -3.37346770950114
0.339607309708934 0.621368278863472
1.93636282649617 0.145829385515495
-1.03433769342449 0.517395197980544
-1.70971911134527 -2.63585606995522
-0.489273996711932 1.29137555182867
-0.086840249057992 0.591058358367304
-0.528670960694872 -0.198031598812933
-0.577811542349733 0.660082706030133
-0.287684734482584 1.12175273663164
1.59649115208708 0.595012107122836
0.221192432233474 0.455782210927893
-0.746569469374909 0.177457853479851
-1.21869568958691 -0.731967430136418
0.394173181508379 0.266305434497311
-1.42779129777523 -1.02233602238808
-1.78905603105623 0.399694743981006
-1.35371472275884 0.989058031819161
0.627550956269044 -0.51656936292778
1.85822982778091 0.326746148428998
-1.94478188742624 1.06976383812677
-0.996987233249008 -2.52512353301358
-0.065022555645966 -0.946156096388203
3.10818797573948 -2.87386535826065
1.18946225690901 -0.108460718185791
-0.516862716911855 2.13670999812518
1.62273879639034 1.55860174481273
-1.58184563996316 -4.35841958064913
-1.89976140001202 -4.38015481789724
0.294768260678194 -3.83250084348437
-0.753948213284724 -1.44453163835429
-1.01112243267089 -0.0169642102226983
-1.19371505928932 0.329470279054547
-0.267326257776239 0.546912437667734
-1.14971722447414 -1.13949424248314
-0.67345884412876 0.819520467716174
0.39319911571596 -2.70322194262787
0.818986208034258 -1.85399247263439
-2.2510291668221 -0.983395849301106
3.22160432203293 -2.96332207266415
3.36300320252666 -1.84034619456113
2.95705628143741 -1.09330083609994
-3.26821270742559 0.225563331277664
-2.79010209768801 -0.564105368210098
-3.77719886860622 -0.447810977081081
-3.33233814049468 -3.17263791944743
-4.31398447745741 -4.43076632097519
-4.06389453947212 -0.836637517269407
-0.650242234430299 1.44517411750321
0.0925238323321704 1.00820687242404
-2.43999723740824 0.215942959351068
-0.941886906361291 -1.45988285069974
-1.64451879732923 0.7413431655092
-0.902023694799673 0.0205645408416481
-1.48878669545655 1.27972568359346
-1.13696260206768 -0.638527448173157
-0.531420180468899 0.742724095379733
-1.05926162589351 0.601153565238475
-1.49308746141352 -1.076531714728
-0.898591175396887 -0.299006777592124
-0.784695262762653 0.134650752308365
0.463483649305225 1.35514427050216
-0.331810504664542 1.07583858624054
-0.86523784976007 1.84110662732117
-0.99617362944726 0.328496640147005
-0.808069077026049 -1.07421867152849
0.0145677213336404 -2.31927101745026
0.354289899747832 -0.199466453151296
-0.699949648769917 1.13311518039777
-0.708370124802585 1.09850774846233
-0.969066479324132 1.33499280442914
-1.96700784181794 -0.96831257862258
0.175975206479509 0.478785638117113
2.47333966719781 -2.59604744429668
-0.754152188164399 0.718379812650963
1.1429501847503 -0.554828376709094
2.59765722723133 -2.48087199715529
1.73678993358477 -3.67874834448071
2.61711884216499 -0.693613586606407
1.96362229780593 0.538780226029459
2.15410121280702 -0.0962025882542411
2.14511688977342 -2.87828738480207
-2.8641962018275 -0.0512630520228874
0.810829156055372 0.52070227580545
-3.66663216549668 -1.82371622566462
-3.62366131024224 1.03871027049571
-3.53243682466904 -0.814040607449263
-2.85926588534413 -1.52398873822934
-2.84539016693686 -0.376360594426431
-2.38475188903824 -0.851207510225534
-2.34914999603835 0.0286954071859677
-1.57103921376393 1.03274516496507
-0.286595743233165 0.0714549627324149
-0.864983125945472 -0.480167473653222
1.77909116986817 -1.33723986203319
0.295100335654756 -1.32743398549334
2.67690004101463 0.580129179687131
0.390622619392471 0.372197806258862
-0.550576234621021 2.14433966902779
0.0261417541562291 -0.709338069813368
0.841412276519441 0.898430401016891
1.29912004578276 -0.709241694576191
1.26382874925514 1.64018482366777
2.8168942158904 -0.364327840864215
1.85703439929721 -1.21768436566568
2.11748219517689 -1.06225808059725
1.82254715174964 -1.63877502845923
2.56630795511213 0.138171716271985
1.04544332848635 0.523129594354559
0.519003173143028 -0.0462246914087955
0.736229411333482 -1.76924153951242
0.494394581276074 0.853466500867565
2.98901111885463 -2.89048066378379
-0.635302115914787 -1.74380444197429
-0.077954751115415 0.453318110428609
4.61870645965394 -4.37167996458584
3.00567412238307 -1.17823832591938
3.62311147342607 1.04880696966102
1.48658788579592 2.01250853359966
0.291135094381607 0.760139615531717
3.73481583044328 -1.9373667249265
-0.924646967690852 -0.423543297456783
-0.453989493254377 -0.107692033205714
-1.3060081509046 1.33443040842553
0.522085630019932 1.99639899017943
-1.67090320630748 -0.668228731500878
-1.52475942385723 -0.434346995766206
-3.16637764989721 -0.206006277673829
-0.492150130385024 2.43994915617409
4.12320201796638 -0.619967932858978
-0.103807339253949 0.552170368043143
-0.211926521577947 1.44531876293637
-0.0630251526269028 0.957929122059576
-0.593992102344672 1.32470979679289
0.459507176001151 0.607598751957811
-1.07305161723585 -2.35945849392601
0.22002355760717 2.8125399689667
-0.831363463490755 2.68748676367905
1.41810482231611 0.439245612233461
1.28036776449169 2.20003697660816
0.142328573212429 -1.58217691079792
0.842026895414927 1.41207024011949
0.861650649410852 -0.592237852682272
3.00930351815722 -0.616411868306275
0.655358052110159 -1.19916400490586
-0.678099392113684 2.01247539729376
-1.0036995208826 1.80644972518886
-0.17847685311414 0.342772707031327
-0.685991654022229 0.401451444241944
1.53901329975106 -1.35771748318032
-0.597179917301172 -0.205926591959522
-1.39823039062548 -1.17132916861958
2.21419794250949 -1.10180151135973
3.57694892992224 1.67683744583
2.95957891433027 1.68301113994771
0.724836178881286 0.588625160719398
0.261799724354919 0.198843813732075
-1.42582214633347 -0.975729469495155
-0.661349935235702 1.55354647324651
0.977639610255183 0.186634853535398
0.0179705665622833 0.652745854639438
1.29181215886016 0.373188804796341
0.923416062163856 -0.569846046052023
1.18051960161129 1.07873992300059
2.06562513168196 1.42761207474156
2.8101422155835 0.855010926015181
0.77710430856378 1.45631073718278
2.05781835017883 -0.0797107913118373
-0.769972859305084 0.515213846895369
-1.47593090459969 -0.90017244057644
0.0185597815453839 1.76213501580633
3.87103560137307 -1.29796135668561
1.47707071103258 0.427055534106968
1.90849777530626 1.66401518713056
-1.11865476786047 -1.85142396225081
-0.8039835201814 1.1411174606997
0.604343735861126 -0.0297985166502225
0.0620170887752358 -0.899650282280642
-3.68506732968078 -3.0307759688381
0.235567031072012 1.54321966394205
-1.94200897862422 -0.470293747703094
-0.513698834768364 -0.841510662646659
1.97534134134054 -0.113485983807345
-1.39100756550823 -1.19485978027328
0.00409743316705876 1.48312329165413
-1.44272126645857 1.40008579291057
-2.12023298327049 2.14977446804801
-3.73028608357309 -0.993477442245461
-2.80718867516413 -0.737376849078979
-1.61775699283699 0.775940001834141
-0.97914318567971 0.38877040484245
-1.46119280362332 0.419820736612609
-1.84372430773473 1.32809471904416
-1.48847012722736 0.455890119310447
-1.77686358139008 2.53720070537835
-1.60291407454713 -0.256813681187589
-1.12535852694347 -0.684968516527126
-3.21813315440367 -0.968892065309386
-3.11870602000901 -1.2257622368736
-3.16368687075961 0.075371014861609
-1.58816107022666 1.09386475969079
-2.05068743978296 -0.232967006397223
-1.0519256684732 -0.246313982135734
-0.737567881776644 0.293643890788102
-2.03073721839671 -1.61045793446824
-1.17902051582722 0.766991987534552
-1.18558839735661 0.116412850196374
0.705691771086932 1.09696464588083
-0.0703209181254639 1.68802627601452
-1.16576420235777 1.08725729911029
-0.784843959310643 -0.913058073429781
-1.77150595154786 0.754163260682301
-0.871699906480808 0.995424424956531
-0.772577959689565 0.959856203652582
0.433203769258128 0.373203718357726
-2.03319661812052 -1.72455981898707
-0.981776596230881 -1.50834903421757
-0.140860786899618 -0.398258160814319
0.603814957530441 0.455448847484926
4.04035592046137 -2.20361196789246
2.62147720910536 -0.648183463473079
2.77271682704203 -1.38225177381142
-1.26969080735422 0.673290619142392
-0.191016427198836 1.62879779400976
1.89779271079906 2.35043287667652
3.8375179054723 0.345443920777599
-2.07846323839806 1.45598167740392
-1.55919729239718 0.887544081607232
0.433570196131914 0.210898235797576
1.41297912853456 -0.146294700065974
0.0987645248826228 1.69511914335016
0.249364018787133 2.31458495080703
1.37515983402668 0.95346155885331
0.1916718331369 0.5776619397896
-1.17590005087818 1.67475598017592
-0.740268122264421 0.149056956299498
3.04158660626931 0.229027191823971
3.19490050588347 1.60230805008523
1.79107270750733 -1.74046551811986
0.295547194962691 -0.251768532535841
0.0011441270182877 -0.416173604905066
-1.55110759317134 -1.25049791590853
0.0702692286023305 1.35599648136938
-2.38847278869479 0.290003082813645
-0.734916181249009 1.00000299560799
-1.32468201099322 0.500408303913683
3.54951882110735 0.989257301128688
-2.16277905104381 -1.01849733538514
-0.735302934539833 0.870303163067333
0.43939996121931 -0.121833033459986
-0.645664848740376 1.57159904574421
-1.07100607894907 0.153762494252281
1.91970753031322 -0.351982091830656
1.43087167294041 -2.63545687665947
2.18629752113327 -1.65109591030652
2.35487583702636 -1.64581448243545
1.95427429900522 -2.63824568966906
0.221647755276251 -6.08016835446781
-0.620310931416024 -0.065556133656339
-0.268907857759142 -1.98072633775582
-0.660783269696692 -0.997037032260557
-0.678819577119046 -0.619224609166378
-0.380841764058718 -1.6318344924546
1.49059566248078 -2.54363173161386
-1.16716546475366 -0.709937964146647
-2.38160232300596 -0.197749195797232
-2.99186417499399 -0.293683307350375
-2.6993664935627 0.22841738445786
-2.29009797058341 -0.110293500201607
-2.26130237080704 -0.341223657073318
-0.706609007106889 -2.20805506334447
-0.150750963058506 -0.440542885179802
3.03421941092987 -3.20344114904567
1.35068115114572 -1.32549718390502
-0.274457467120934 -0.0595313735272391
1.69234057580848 -0.562079059090976
1.96128714562821 0.466094028572137
2.07814119036776 -0.0966673696020133
1.93078139864456 -1.07512067126653
-1.73034744590042 1.34824167004477
-2.5090609224453 0.3896084641038
0.0684748397826966 -3.5162304891889
0.291536348715147 -0.674211776024226
1.2973000707755 -0.206618944798102
2.43121282454472 -1.51532713561144
1.55806123620527 -0.91298328194955
1.36728715875096 -0.30163956038277
0.454694526751202 -0.301624723045895
-0.737136906055824 -3.71189116824693
-0.00389942338107856 -0.725866545691287
-0.91236943276038 -1.22261464390721
-1.25901006183596 1.0815079322855
-1.18514347483966 -1.46705110706303
-1.54615868914367 -1.52268483708285
-1.62673551252457 -0.830176863432573
-1.88176379826006 -3.25817416091316
1.10731420734112 -0.302159984983357
-0.504746982526979 -3.42704357375966
-1.80988070535605 1.29196787400268
-1.80741564346519 -0.600792266107273
-1.75162149426391 0.0824241100804686
-1.04614910213315 2.26583395394637
-0.667876176211223 0.96552727460497
-0.351878352415482 1.27893161201695
2.15346653880032 -0.0948079428767972
1.04653555303715 -0.784569671374026
0.673388600679867 -0.380777202449621
1.13892061018285 0.703196328323929
-0.151203722697122 1.33102816964709
-0.196577766298491 -1.59921984570916
-0.411548475408174 -0.184756783529991
-0.632361102210974 1.47182774802268
-1.99138490122051 0.0764685138600648
-0.918610263921726 0.732070903622505
-0.829203255880836 0.33373626859976
1.08069021585658 1.3997543267841
-0.51596106008452 0.492257669155478
-2.37922425937319 -2.22408097786787
0.222366641202829 -0.362287372049286
-2.46752246870695 0.799967104069388
0.443774519425181 1.25090331807916
-0.644048077248221 -2.12237741709354
0.543721296020912 0.975185113945191
-1.03918298929121 -0.130219573923296
-0.888499370945347 -0.864797966263183
-1.60031186037467 -0.0515473639398147
-0.547607887552033 2.01783077656703
-1.45123345662517 1.12360014263696
-0.751072572854048 2.09836717123719
2.53853797900021 0.991873093218688
0.232404676558309 0.670312593939981
0.805275158416105 -0.884612563742454
-0.862214843831667 -0.821529581352313
2.4661387953735 1.62519544738182
0.653155619646912 -0.203101964609737
1.22855705914703 -1.00082557418708
-0.246766888652964 -1.0491138935779
0.475172614551191 1.12676177764701
0.629546287200421 1.13190470008205
1.86774834078057 1.29522738956362
1.82209226128076 -2.71984796239569
1.1529332494563 1.73961379160201
-2.38951283795152 0.647957704757085
1.58950373623371 0.501400284373395
-1.50811264681573 0.855978439553289
-1.59456319154158 -0.608497081887239
-1.77950064450893 -2.19207085455824
2.37518589371784 -1.12684628519048
1.89795308308702 0.403436334472865
-1.17667408799382 2.94865880818973
-1.21435974199277 -2.71961207891101
-1.76991148834736 -2.17235832938057
3.41529546240265 1.02612894925078
-1.65575329648775 -3.10579385280143
-0.234443939633864 -1.18445334315856
3.40587487923697 0.256522219325913
-4.42126590877804 -2.43100882272778
-0.32588623551359 1.98168390939398
-0.487761645194265 -1.96192962656433
-0.423195545846598 -1.13439208054614
2.58988866708158 -1.01124452281553
1.55611588183864 1.40256313250524
3.58520155410967 -3.17368181264554
-1.7007256729476 -0.625468910971655
-1.28399430401115 -0.146229997439437
-0.479929559026447 1.31618088527196
-2.98340461030277 0.728238003217422
0.0926093799087072 2.74922491188332
-1.77273135928314 1.74468537026938
0.845823880439706 -0.510198058442149
-2.63524686453401 0.00944395873082204
-0.958330575321059 0.223889064080785
1.20331470902657 0.760448432247229
1.91679325459137 1.86528817707881
-0.984936924614562 -0.757789247116681
-1.73287536921661 1.64994666093441
0.367233968215956 1.09604907744668
-1.52924672660072 1.06321911397087
-0.764336133620087 0.546519135468025
-1.5600790882131 1.57239569532629
-1.30231951557927 1.35734548222696
-2.84032286455928 -3.1100146522333
-2.6339222457284 -0.10479038463881
-2.19695223902663 0.655675074263373
-0.745496564129643 -0.327670098957837
0.0876472060057135 1.43339776636094
-2.73737163096635 0.175940258158203
2.4005799399657 0.570459880751778
1.08150185403336 0.353259862877589
1.75579285249844 1.23704918471482
0.247588575282662 0.734474393016879
-0.271152845911938 -0.325614382054116
-0.190808225813778 1.84535073458944
-1.04632322806123 -0.0885341458113235
1.87532314138306 1.78282513010364
1.15753954697667 1.01967049293536
-0.930287569261906 2.04623511643172
0.890934650008938 1.13015240042558
-0.311887995074889 0.284556283344643
0.489229261873548 1.56489173155449
1.17402748341306 0.580336301917515
0.550787299691586 1.44520950730565
1.84655553176651 1.84501817424203
3.46589698340635 1.37423044818018
5.14902358394648 1.66767869497825
1.09170535228692 -0.165076652315052
0.843087940813084 0.926243430617766
-1.20131201387106 0.764628079235723
-2.89773839026412 1.73998272153479
-3.47165098679965 -0.415499823950151
0.76870363533113 1.46318676622076
2.23678665746625 0.088109762276037
0.776433391340077 1.53423855398878
1.77198374123664 0.927812544890587
1.08113589725119 1.2557974822313
1.69407609379545 1.76367548151871
2.94632794765523 1.03475963889225
2.71890503575554 2.63431505558852
3.42425828963087 2.14790134392887
0.463206484601839 -0.517159437193472
0.359047702105424 -1.7954775373214
1.12335891268873 1.86004315654708
